db 129, 43, 137, 74, 108, 210, 236, 197, 174, 126, 103, 169, 125, 129, 129, 17
db 145, 170, 245, 177, 35, 122, 215, 24, 174, 144, 161, 214, 44, 129, 80, 239
db 149, 121, 41, 35, 4, 7, 178, 163, 203, 21, 153, 209, 193, 117, 235, 55
db 239, 81, 207, 203, 94, 13, 185, 198, 14, 146, 91, 119, 46, 27, 42, 129
db 107, 67, 103, 192, 188, 187, 29, 99, 251, 182, 179, 91, 33, 240, 213, 23
db 112, 89, 64, 22, 6, 183, 125, 14, 136, 170, 30, 47, 85, 57, 233, 200
db 120, 235, 250, 220, 131, 51, 115, 18, 42, 183, 40, 83, 102, 144, 167, 107
db 154, 51, 240, 240, 64, 17, 244, 117, 194, 219, 38, 107, 112, 125, 191, 165
db 149, 254, 119, 7, 20, 139, 240, 61, 175, 228, 182, 178, 15, 199, 64, 249
db 132, 148, 18, 162, 171, 62, 30, 67, 125, 183, 108, 221, 51, 23, 18, 185
db 205, 23, 128, 234, 224, 179, 171, 131, 155, 191, 122, 78, 241, 221, 127, 140
db 11, 238, 155, 239, 195, 211, 222, 101, 176, 138, 206, 207, 248, 204, 38, 1
db 12, 144, 127, 213, 173, 172, 6, 45, 87, 63, 22, 236, 111, 83, 81, 39
db 19, 236, 91, 98, 177, 206, 199, 215, 116, 5, 166, 199, 173, 16, 131, 209
db 206, 141, 148, 51, 19, 22, 29, 30, 107, 29, 11, 201, 81, 238, 62, 72
db 236, 187, 49, 96, 239, 124, 84, 173, 38, 162, 129, 20, 100, 179, 129, 3